9146709
8611602
11567554
9867835
11061385
8836465
11629639
12239561
12044316
10363484
7350397
8760513
10274504
9867832
12262643
12265279
5045898
8987164
8785953
8325599
6356372
11355549
8522657
12267370
6489053
10700342
11264064
8044474
5774206
5774206
7114330
10389298
10288798
9217061
5925083
1746758
11371403
10231570
352176
4787901
11506028
9761484
9867841
12202744
7126232
9429052
11443312
9086225
8309891
7812600
9158257
12228270
9272393
9867836
6954992
7828904
6318935
8491991
5496661
12253827
9002018
7294918
5827908
8778698
430888
6342054
11268937
8093680
8040423
8330664
7911428
7130006
9301356
12058798
10165767
142298
6172052
12271349
6096223
11495906
8884842
8277961
12153829
12156167
12271220
8348695
9867844
11885298
10265843
10430151
12271821
12256786
4647900
12113329
301909
4600947
8419293
6239130
9702046
8884826
12272376
11420636
6126932
7045881
5445440
8827074
4444399
12272084
10114277
5341061
4878636
7454458
8160169
8780887
4699115
7425845
6034103
11965133
5348102
12273983
6368958
10338729
8497508
7968049
11040575
10293149
12233357
12267257
8645226
11397305
6211819
11965153
5223829
9780353
285032
11559559
9825271
5647257
12280451
6395189
4318014
8145610
8204481
9746931
7294363
10399674
5973147
10448561
5880195
8469982
12040119
7205359
12269197
7843698
9707772
12282416
265743
4508617
6110133
5078105
11459362
9925027
11438113
7657880
11371408
12260645
12082585
10860953
4564587
7311373
4969806
10677334
5266628
12004261
10626904
7241783
12208610
7038048
9010117
10273229
6339236
6992005
7915285
6988831
12275692
4796958
12283507
10293591
6711490
6445846
7274801
7905959
104619
12284288
9174522
12273240
304385
12283658
1575647
7813105
8812140
12285563
7078228
6503758
4755814
1604142
12280074
6007316
8250899
6616776
5278965
12285263
10032785
401593
2966687
12214948
6875031
9665588
7553444
12266758
6106560
5107990
6865059
4671381
12281652
6762254
10386755
12286019
4956158
7753416
5089602
6269984
6560771
5091994
6244843
12108637
12287233
7239496
12240260
4253078
8515460
6275182
12287038
12286949
994362
12286717
10479219
350747
217187
5179659
9442078
12287425
5410819
363917
11546646
8653987
4443224
12287787
452879
12286620
4497317
5124173
11984274
9055838
6498050
8078253
6120503
5541472
8477853
7136217
9152512
9268976
8263283
12288832
6060561
5783813
9043213
11596945
12220121
5859345
10202878
9176339
5063857
5063857
5063857
5063857
5063857
12019598
10124945
4638926
4568833
5796348
9579949
12252409
7707476
6387267
12285501
9248289
7891291
12135385
7965363
8802946
8802946
12262826
8798828
8798828
5898279
12290138
6265631
353855
11449494
6353207
12215682
12050791
12291413
5283196
9059972
3680450
11533958
12289196
10339491
4638305
12289415
9350942
8499801
4697247
5028687
12291832
317105
6591610
11584301
5186252
8205760
6268217
9142661
9426508
12081464
12290361
5471384
6964727
8915066
8834950
4463136
5598380
7496179
3425795
7815036
11916686
4714285
4341654
11315271
12102406
12102406
450507
12292681
8671762
9122925
5328133
10287831
6244308
5471369
12294306
237561
237561
537744
5877547
12046927
8216056
8297748
7678769
12197389
6453794
8019865
5927914
9491617
9201944
12266897
418258
10907573
10272498
12271120
9566051
12135069
421001
2652576
7732314
11961428
10288085
12210322
7487499
12294687
8216898
8795421
407604
12286285
12294903
5807985
8787889
9162468
10786224
9157079
12284874
5250063
9099363
7026987
5911955
8955273
8169677
12292770
12213283
6563252
12213283
5673531
12281724
12197092
7138960
5409275
5409275
10221636
6917650
12286783
8662207
7158327
9063896
6520925
4788429
7427321
9689516
6505840
12255086
7331663
219877
5862647
394183
7861211
12294468
4388947
12271132
12296765
10228315
12248761
12020320
11510030
10858077
6173088
8654218
12293790
6686918
8062968
5440814
8773408
9110923
198053
7644866
11450445
487562
8905734
10423414
6848607
8127221
12297610
8619528
10630774
5378997
11995716
11906889
12243453
5300265
5014642
10416772
11573068
10148001
10260555
10338396
12230494
9446519
9446519
9766776
450671
4536033
5474088
12279434
5092541
5477529
8623569
8800512
8234254
5102954
9137575
429218
6268299
6493982
8953717
8241840
12296626
5728573
6573126
5802555
12171905
7301938
7721842
12298638
4513885
12302066
4457388
5200452
8365435
5326711
9107785
8292787
10076672
5619666
6983268
9001644
9074583
6332229
11506228
11990403
6742489
4926310
5575746
12148827
11461490
12139087
8838365
8763699
8559649
1582044
11548181
12310507
12315436
8504430
12279931
5864203
11821464
10172779
8240739
12303244
8223265
12176803
8138969
8256568
7440761
3326013
7131118
6923949
11917550
5434854
6505802
10690085
11980215
12313652
6070654
10933535
12310522
6043972
7170091
4165913
8176743
12131789
12131789
5205964
7004883
4960981
398211
8946530
7973870
8238612
12317944
10201008
284573
3779470
11554613
6855274
11431253
9256417
11396852
7767795
4278378
4786693
4014963
3341203
12068058
5719739
8892111
9145857
8494740
9555864
8857164
12289543
7881763
7592743
3317747
5941218
6698066
5017796
5017796
11321928
12311625
3882493
8257152
12321705
10299597
5689343
7543583
199735
12111930
8450557
12310076
12230287
4426571
7880298
12230287
7532810
8848956
12143529
3247409
12208473
7840274
11258266
10201151
250343
9553980
5027096
12323385
5091726
6342020
352749
7757649
11322434
12177858
12226479
7440866
9576364
8328046
11223278
3355975
7684249
12326897
12276552
12144408
11487497
10474338
11482943
12327622
12325934
12327414
6686318
8341021
10038484
487000
11036447
6418846
5883034
12327260
12327021
12327352
395254
10531372
11998012
6980601
8163738
12310249
9960811
12311927
9904274
5337559
6541193
6697005
5077365
440292
7722168
10270715
9287080
12328854
281689
4871508
7430340
480454
4634091
9660841
11333900
6998314
5338985
8494512
6317774
11533637
7097812
5872594
5204137
11650943
9050713
9371975
384422
7544986
9188159
12335735
7576050
6598217
10753673
12338169
7634689
380090
7788721
9058825
12021048
11415555
3240528
11489767
9062205
8801965
5689281
12337454
12335224
4786641
6590411
6002862
10512114
6217968
12121501
8403857
9207849
4740577
351425
11339158
12304337
7615963
12340887
9326760
5437463
7941898
5810372
7324710
8897694
2257138
12350570
7828126
7308170
12350456
11360304
12042779
12349896
10189900
7713972
8368881
1278751
8509218
11778917
9908998
8514152
10201113
12346091
5027050
6495227
7808663
12236491
4682436
6904622
12300916
11397304
244119
7597786
12138992
6289072
10096184
5554144
10645364
10889524
6187709
4752009
12329973
8135098
12358078
12358284
6553730
261454
12358282
1885497
1480389
467024
8782026
12143866
12076573
8482610
6868586
12357266
12186458
289461
11936359
12132567
5460545
6812903
12366136
12358825
5165921
4666177
7086812
12371485
11650558
6605328
12372911
3929364
8229530
8182350
12183520
12325618
8339577
11964684
5896692
12018700
9083275
8534865
12239351
12362949
12352083
6657268
405774
4152744
8310418
12375502
5766582
9679277
8174622
9231094
12078568
10258037
9350045
12282812
9585285
8058106
5528425
10435577
5287293
138706
12379587
7304615
6849459
7180908
8922391
5696209
7202756
9265835
12234434
7157841
11592527
11653943
8521289
7913507
4853609
11334315
6755442
6497055
9090616
3432363
10258772
7021209
9885762
5940028
12386773
10249105
12055821
7847651
6690170
485207
5715821
274866
11582363
5059412
7289599
12284778
8331346
4862132
9009000
5829575
6128135
12392522
10953664
10999856
6924035
7788256
4171583
6171990
7193805
6782506
11381378
8160801
8497157
6163728
8423323
8984617
4012899
10410200
8807540
12359211
8861139
6485063
5870224
12405002
7392238
5545764
8087281
7352308
9925295
11415412
12069351
9751063
4001558
8907653
7773399
7101092
5308910
9561669
4790509
8355038
12191329
4658187
3321370
6565947
7867522
9916953
9725752
12421716
12427878
10384659
6067913
5415564
5198893
2793658
9390021
11206668
5672400
6008193
8245532
7548640
11445209
10324660
12435601
2973027
10212595
6998487
2799325
8277370
9692342
4473906
8171824
5879686
6660828
5240150
8646161
5879686
6648475
176716
10168385
12285552
4830628
5885721
9864727
12440539
5391747
6950161
9395377
6156432
12436721
12282863
5223278
6544287
12442065
8006163
6068882
390717
12364955
12434701
12364955
10854734
5374810
9062008
5306264
7504843
296095
6516119
6516119
8197391
12388382
12451236
12214235
9176046
5801478
4182521
8402106
4961818
12028496
10415863
12434983
408595
7519709
10321430
6351466
4908591
12454151
12454140
7375103
12428945
8548124
10398867
10576653
12451801
5252109
5186472
4945674
12405222
10605366
12213698
6940974
5434868
7864745
10196733
5740846
5608348
7764812
12457874
9074193
437268
